E: 1409175188.070086 0002 0008 -1
E: 1409175188.070086 0000 0000 0
