E: 1432684288.732945 0002 0006 -1
E: 1432684288.732945 0000 0000 0
