E: 1432071626.077981 0002 0006 1
E: 1432071626.077981 0000 0000 0
