E: 1409183149.473971 0002 0008 1
E: 1409183149.473971 0000 0000 0
